,entry_max_per_user
152642708,1
152901592,37
152969239,1
152970397,1
152972061,1
152973166,1
152973278,1
152974628,1
152974634,1
152974941,1
152975960,1
152977966,1
152977967,1
152977968,1
152977969,1
152977971,1
152977972,3
152977973,150
152977974,20
152977975,150
152977976,1
152977977,1
152977978,1
152977979,1
152977980,1
152977981,1
152977982,1
152977983,1
152977984,1
152977985,1
152977986,1
152977987,1
152977988,1
152977989,1
152977990,1
152977991,1
152977992,1
152977993,1
152977994,6
152977995,13
152977996,1
152977997,34
152977998,20
152977999,1
152978000,6
152978001,34
152978002,20
152978003,1
152978004,142
152978005,1
152978006,1
152978007,1
152978009,20
152978010,1
152978011,20
152978012,1
152978013,1
152978014,1
152978015,1
152978016,1
152978017,1
152978018,70
152978019,11
152978020,20
152978021,1
152978022,1
152978023,1
152978024,1
152978025,20
152978026,1
152978027,1
152978028,1
152978029,52
152978030,1
152978031,20
152978032,17
152978033,20
152978034,1
152978035,1
152978036,1
152978037,1
152978038,1
152978039,52
152978040,1
152978041,20
152978043,17
152978044,1
152978045,1
152978046,1
152978047,20
152978048,1
152978049,1
152978050,1
152978051,52
152978052,20
152978053,17
152978054,20
152978055,1
152978056,1
152978057,1
152978058,52
152978059,20
152978060,1
152978061,11
152978062,1
152978063,20
152978065,1
152978066,1
152978067,1
152978068,1
152978069,52
152978070,1
152978071,20
152978073,17
152978076,1
152978080,1
152978082,1
152978085,1
152978087,20
152978089,1
152978091,10
152978094,150
152978097,20
152978100,20
152978103,1
152978107,1
152978109,1
152978112,1
152978114,20
152978116,1
152978119,5
152978120,1
152978121,1
152978122,1
152978123,57
152978124,20
152978125,150
152978126,3
152978127,20
152978128,20
152978129,1
152978130,1
152978131,1
152978132,1
152978133,1
152978134,1
152978135,20
152978136,1
152978137,21
152978138,1
152978139,1
152978140,1
152978141,1
152978142,17
152978143,1
152978144,4
152978145,20
152978146,1
152978147,1
152978148,1
152978149,7
152978150,1
152978151,1
152978152,1
152978153,1
152978154,7
152978155,7
152979683,1
152979684,1
152979685,1
152979686,1
152979687,1
152979688,1
152979690,1
152979694,1
152979695,1
152979696,1
152979697,1
152979698,1
152979699,1
152979700,1
152979701,1
152979702,1
152979703,1
152979704,1
152979705,1
152979706,1
152979707,1
152979708,1
152979709,1
152979710,1
152979711,1
152979712,1
152979713,1
152979714,1
152979715,1
152979716,1
152979717,1
152979718,1
152979719,1
152979720,1
152979721,1
152979722,1
152979723,1
152979724,1
152979725,1
152979726,1
152979727,1
152979728,1
152979729,1
152979730,1
152979731,1
152979732,1
152979733,1
152979734,1
152979735,1
152979736,1
152979737,1
152979738,1
152979739,1
152979740,1
152979741,1
152979742,1
152979743,1
152979744,1
152979745,1
152979746,1
152979747,1
152979748,1
152979749,1
152979750,1
152979751,1
152979752,1
152979753,1
152979754,1
152979755,1
152979756,1
152979757,1
152979758,1
152979759,1
152979760,1
152979761,1
152979762,1
152979763,1
152979764,1
152979765,1
152979766,1
152979767,1
152979768,1
152979769,1
152979770,1
152979771,1
152979772,1
152979773,1
152979774,1
152979775,1
152979776,1
152979777,1
152979778,1
152979779,1
152979780,1
152979781,1
152979782,1
152979783,1
152979784,1
152979786,1
152979787,1
152979788,1
152979789,1
152979790,1
152979791,1
152979792,1
152979793,1
152979794,1
152979795,1
152979796,1
152979797,1
152979798,1
152979799,1
152979800,1
152979801,1
152979802,1
152979803,1
152979804,1
152979805,1
152979806,1
152979807,1
152979808,1
152979809,1
152979810,1
152979811,1
152979812,1
152979813,1
152979814,1
152979815,1
152979816,1
152979817,1
152979818,1
152979819,1
152979820,1
152979821,1
152979822,1
152979823,1
152979824,1
152979825,1
152979826,1
152979827,1
152979828,1
152979829,1
152979830,1
152979831,1
152979832,1
152979833,1
152979834,1
152979835,1
152979836,1
152979837,1
152979838,1
152979839,1
152979840,1
152979841,1
152979842,1
152979843,1
152979844,1
152979845,1
152979846,1
152979847,1
152979848,1
152979849,1
152979850,1
152979851,1
152979852,1
152979853,1
152979854,1
152979855,1
152979856,1
152979857,1
152979858,1
152979859,1
152979860,1
152979861,1
152979862,1
152979863,1
152979864,1
152979865,1
152979866,1
152979867,1
152979868,1
152979869,1
152979870,1
152979871,1
152979872,1
152979873,1
152979874,1
152979875,1
152979876,1
152979877,1
152979878,1
152979879,1
152979880,1
152979883,1
152979884,1
152979885,1
152979886,1
152979887,1
152979888,3
152979889,1
152979890,1
152979891,1
152979892,1
152979893,3
152979894,1
152979895,7
152979896,7
152979897,1
152979898,1
152979899,1
152979900,1
152979901,1
152979902,1
152979903,2
152979904,7
152979905,1
152979906,1
152979907,1
152979908,1
152979909,1
152979910,1
152979911,1
152979912,1
152979913,1
152979914,1
152979915,1
152979916,1
152979917,1
152979918,1
152979919,1
152979920,1
152979921,1
152979922,1
152979923,1
152979925,1
152979926,1
152979927,1
152979928,1
152979929,1
152979930,1
152979931,1
152979932,1
152979933,1
152979934,1
152979935,1
152979936,1
152979937,1
152979938,1
152979939,1
152979940,1
152979941,1
152979942,1
152979943,1
152979944,1
152979945,1
152979946,1
152979947,1
152979948,1
152979949,1
152979950,1
152979951,1
152979952,1
152979953,1
152979954,3
152979955,3
152979956,1
152979957,1
152979958,1
152979959,1
152979960,1
152979961,1
152979962,1
152979963,1
152979964,1
152979965,1
152979966,1
152979967,1
152979968,1
152979969,1
152979970,1
152979971,1
152979972,1
152979973,1
152979974,1
152979975,1
152979976,1
152979977,1
152979978,1
152979979,1
152979980,1
152979981,1
152979982,1
152979983,1
152979984,1
152979985,1
152979986,1
152979987,1
152979988,1
152979989,1
152979990,1
152979991,1
152979992,1
152979994,1
152979995,1
152979996,1
152979997,1
152979998,1
152979999,1
152980000,1
152980001,1
152980002,1
152980003,1
152980004,1
152980005,1
152980006,1
152980007,1
152980008,1
152980009,1
152980010,1
152980011,1
152980012,1
152980013,1
152980014,1
152980017,1
152980018,1
152980019,1
152980020,1
152980021,1
152980022,1
152980023,1
152980024,1
152980025,1
152980026,1
152980027,1
152980028,1
152980029,1
152980030,1
152980031,1
152980032,1
152980033,1
152980034,1
152980035,1
152980036,1
152980037,1
152980038,1
152980039,1
152980040,1
152980041,1
152980042,1
152980043,1
152980044,1
152980045,1
152980046,2
152980047,7
152980048,7
152980049,7
152980050,7
152980051,1
152980052,1
152980053,1
152980055,1
152980056,1
152980057,1
152980058,1
152980059,5
152980060,5
152980061,1
152980062,1
152980063,1
152980064,3
152980065,1
152980066,1
152980067,8
152980068,8
152980069,1
152980070,1
152980071,3
152980072,3
152980073,1
152980074,1
152980075,2
152980076,1
152980077,1
152980078,1
152980079,2
152980080,3
152980081,6
152980082,1
152980083,1
152980084,1
152980085,1
152980086,1
152980167,1
152980196,1
152980197,1
152980198,1
152980199,1
152980200,1
152980201,1
152980202,1
152980203,1
152980204,1
152980205,1
152980206,1
152980207,1
152980208,1
152980209,1
152980210,1
152980211,1
152980212,1
152980214,1
152980215,1
152980216,7
152980217,7
152980218,2
152980219,2
152980220,1
152980221,1
152980384,1
152980385,1
152980386,1
152980387,1
152980388,1
152980389,1
152980390,1
152980391,1
152980392,1
152980393,1
152980394,1
152980395,1
152980396,7
152980397,7
152980398,2
152980399,2
152980400,1
152980401,1
152980402,1
152980403,1
152980404,1
152980405,1
152980406,1
152980407,1
152980408,1
152980409,1
152980410,1
152980411,1
152980412,1
152980413,1
152980414,1
152980415,1
152980416,1
152980417,7
152980418,7
152980419,2
152980420,2
152980421,1
152980422,1
152980423,1
152980424,1
152980425,1
152980426,1
152980427,1
152980428,1
152980429,1
152980430,1
152980431,1
152980432,1
152980433,1
152980434,1
152980435,1
152980436,1
152980437,1
152980438,7
152980439,7
152980440,2
152980441,2
152980442,1
152980443,1
152980444,1
152980445,1
152980446,1
152980447,1
152980448,1
152980449,1
152980450,1
152980451,1
152980452,1
152980453,1
152980454,1
152980455,1
152980456,1
152980457,1
152980458,1
152980459,7
152980460,7
152980461,2
152980462,2
152980463,1
152980464,1
152980465,1
152980466,1
152980467,1
152980468,1
152980469,1
152980470,1
152980471,1
152980472,1
152980473,1
152980474,1
152980475,1
152980477,1
152980478,1
152980479,1
152980480,1
152980481,7
152980482,7
152980483,2
152980484,2
152980485,1
152980486,1
152980487,1
152980488,1
152980489,1
152980490,1
152980491,1
152980492,1
152980493,1
152980494,1
152980495,1
152980496,1
152980497,1
152980498,1
152980499,1
152980500,1
152980501,1
152980502,7
152980503,7
152980504,2
152980505,2
152980506,1
152980507,1
152980508,1
152980509,1
152980510,1
152980572,1
152980573,1
152980574,1
152980575,1
152980576,1
152980577,1
152980578,1
152980579,1
152980580,1
152980581,1
152980582,1
152980583,1
152980584,1
152980585,1
152980586,1
152980587,1
152980588,1
152980589,1
152980590,1
152980591,1
152980592,1
152980593,1
152980594,1
152980595,1
152980596,1
152980597,1
152980598,1
152980599,1
152980600,1
152980601,1
152980602,1
152980603,1
152980604,1
152980605,1
152980606,1
152980607,1
152980608,1
152980609,1
152980610,1
152980611,1
152980612,1
152980613,1
152980614,1
152980615,1
152980616,1
152980617,1
152980618,1
152980619,1
152980620,1
152980621,1
152980622,1
152980623,1
152980625,1
152980626,1
152980627,1
152980628,1
152980629,1
152980630,1
152980631,1
152980632,1
152980633,1
152980634,1
152980635,1
152980636,1
152980637,1
152980638,1
152980639,1
152980640,1
152980641,1
152980642,1
152980643,1
152980644,1
152980645,1
152980646,1
152980648,1
152980649,1
152980650,1
152980651,1
152980652,1
152980653,1
152980654,1
152980655,1
152980656,1
152980657,1
152980658,1
152980659,1
152980660,1
152980661,1
152980662,1
152980663,1
152980664,1
152980665,1
152980666,1
152980667,1
152980668,1
152980669,1
152980670,1
152980671,1
152980672,1
152980673,1
152980674,1
152980675,1
152980676,1
152980677,1
152980678,1
152980679,1
152980680,1
152980681,1
152980682,1
152980683,1
152980684,1
152980685,1
152980686,1
152980687,1
152980688,1
152980689,1
152980690,1
152980691,1
152980692,1
152980693,1
152980694,1
152980695,1
152980696,1
152980697,1
152980698,1
152980699,1
152980700,1
152980701,1
152980702,1
152980703,1
152980704,1
152980705,1
152980706,1
152980707,1
152980708,1
152980709,1
152980710,1
152980711,1
152980712,1
152980713,1
152980714,1
152980715,1
152980716,1
152980717,1
152980718,1
152980719,1
152980720,1
152980721,1
152980722,1
152980723,1
152980724,1
152980725,1
152980726,1
152980727,1
152980728,1
152980729,1
152980730,1
152980731,1
152980732,1
152980733,1
152980734,1
152980735,1
152980736,1
152980737,1
152980738,1
152980739,1
152980740,1
152980741,1
152980742,1
152980743,1
152980744,1
152980745,1
152980746,1
152980747,1
152980748,1
152980749,1
152980750,1
152980751,1
152980752,1
152980753,1
152980754,1
152980755,1
152980756,1
152980757,1
152980758,1
152980759,1
152980760,1
152980761,1
152980762,1
152980763,1
152980764,1
152980765,1
152980766,1
152980767,1
152980768,1
152980769,1
152980770,1
152980771,1
152980772,1
152980773,1
152980774,1
152980775,1
152980776,1
152980777,1
152980778,1
152980779,1
152980780,1
152980784,1
152980785,1
152980788,1
152980789,1
152980790,1
152980791,1
152980792,1
152980793,1
152980794,1
152980795,1
152980796,1
152980797,1
152980798,1
152980799,1
152980800,1
152980801,1
152980802,1
152980803,1
152980804,1
152980805,1
152980806,1
152980807,1
152980808,1
152980809,1
152980810,1
152980811,1
152980812,1
152980813,1
152980814,1
152980815,1
152980816,1
152980817,1
152980818,1
152980819,1
152980821,1
152980822,1
152980823,1
152980824,1
152980825,1
152980826,1
152980827,1
152980828,1
152980829,1
152980830,1
152980831,1
152980832,1
152980833,1
152980834,1
152980835,1
152980836,1
152980837,1
152980838,1
152980839,1
152980840,1
152980841,1
152980842,1
152980843,1
152980844,1
152980845,1
152980846,1
152980847,1
152980848,1
152980849,1
152980850,1
152980851,1
152980852,1
152980853,1
152980854,1
152980855,1
152980856,1
152980857,1
152980858,1
152980859,1
152980860,1
152980861,1
152980862,1
152980863,1
152980864,1
152980865,1
152980866,1
152980867,1
152980868,1
152980869,1
152980870,1
152980871,1
152980872,1
152980873,1
152980874,1
152980875,1
152980876,1
152980877,1
152980878,1
152980879,1
152980880,1
152980881,1
152980882,1
152980883,1
152980884,1
152980885,1
152980886,1
152980887,1
152980888,1
152980889,1
152980890,1
152980891,1
152980892,1
152980893,1
152980894,1
152980895,1
152980896,1
152980897,1
152980898,1
152980899,1
152980900,1
152980901,1
152980902,1
152980903,1
152980904,1
152980905,1
152980909,1
152980910,1
152980913,1
152980914,1
152980915,1
152980916,1
152980917,1
152980918,1
152980919,1
152980920,1
152980921,1
152980922,1
152980923,1
152980924,1
152980925,1
152980926,1
152980927,1
152980928,1
152980929,1
152980930,1
152980931,1
152980932,1
152980933,1
152980934,1
152980935,1
152980936,1
152980937,1
152980938,1
152980939,1
152980940,1
152980941,1
152980942,1
152980943,1
152980944,1
152980945,1
152980946,1
152980947,1
152980948,1
152980949,1
152980950,1
152980951,1
152980952,1
152980953,1
152980954,1
152980955,1
152980956,1
152980957,1
152980958,1
152980959,1
152980960,1
152980961,1
152980962,1
152980963,1
152980964,1
152980965,1
152980966,1
152980967,1
152980968,1
152980969,1
152980970,1
152980971,1
152980972,1
152980973,1
152980974,1
152980975,1
152980976,1
152980977,1
152980978,1
152980979,1
152980980,1
152980981,1
152980982,1
152980983,1
152980984,1
152980985,1
152980986,1
152980987,1
152980988,1
152980989,1
152980990,1
152980991,1
152980992,1
152980993,1
152980994,1
152980995,1
152980996,1
152980997,1
152980998,1
152980999,1
152981000,1
152981001,1
152981002,1
152981003,1
152981004,1
152981005,1
152981006,1
152981007,1
152981008,1
152981009,1
152981010,1
152981011,1
152981012,1
152981013,1
152981014,1
152981015,1
152981016,1
152981017,1
152981018,1
152981019,1
152981020,1
152981021,1
152981022,1
152981023,1
152981024,1
152981025,1
152981026,1
152981027,1
152981028,1
152981029,1
152981030,1
152981031,1
152981032,1
152981033,1
152981034,1
152981035,1
152981036,1
152981037,1
152981038,1
152981039,1
152981040,1
152981041,1
152981042,1
152981043,1
152981044,1
152981045,1
152981046,1
152981047,1
152981048,1
152981049,1
152981050,1
152981051,1
152981052,1
152981053,1
152981054,1
152981055,1
152981056,1
152981057,1
152981058,1
152981059,1
152981060,1
152981061,1
152981062,1
152981063,1
152981064,1
152981065,1
152981066,1
152981067,1
152981068,1
152981069,1
152981070,1
152981071,1
152981072,1
152981073,1
152981074,1
152981075,1
152981076,1
152981077,1
152981078,1
152981079,1
152981080,1
152981081,1
152981082,1
152981083,1
152981084,1
152981085,1
152981086,1
152981087,1
152981088,1
152981089,1
152981090,1
152981091,1
152981092,1
152981093,1
152981094,1
152981095,1
152981096,1
152981097,1
152981098,1
152981099,1
152981100,1
152981101,1
152981102,1
152981103,1
152981104,1
152981105,1
152981106,1
152981107,1
152981108,1
152981109,1
152981110,1
152981111,1
152981112,1
152981113,1
152981114,1
152981115,1
152981116,1
152981118,1
152981119,1
152981120,1
152981121,1
152981122,1
152981123,1
152981124,1
152981125,1
152981126,1
152981127,1
152981128,1
152981129,1
152981130,1
152981131,1
152981132,1
152981133,1
152981134,1
152981135,1
152981136,1
152981137,1
152981138,1
152981139,1
152981140,1
152981141,1
152981142,1
152981143,1
152981144,1
152981145,1
152981146,1
152981147,1
152981148,1
152981149,1
152981150,1
152981151,1
152981152,1
152981153,1
152981154,1
152981155,1
152981156,1
152981160,1
152981161,1
152981164,1
152981165,1
152981166,1
152981167,1
152981168,1
152981169,1
152981170,1
152981171,1
152981172,1
152981173,1
152981174,1
152981175,1
152981176,1
152981177,1
152981178,1
152981179,1
152981180,1
152981181,1
152981182,1
152981183,1
152981184,1
152981185,1
152981186,1
152981187,1
152981188,1
152981189,1
152981190,1
152981191,1
152981192,1
152981193,1
152981194,1
152981195,1
152981196,1
152981197,1
152981198,1
152981199,1
152981200,1
152981201,1
152981202,1
152981203,1
152981204,1
152981205,1
152981206,1
152981207,1
152981208,1
152981209,1
152981210,1
152981211,1
152981212,1
152981213,1
152981214,1
152981215,1
152981216,1
152981217,1
152981218,1
152981219,1
152981220,1
152981221,1
152981222,1
152981223,1
152981224,1
152981225,1
152981226,1
152981227,1
152981228,1
152981229,1
152981230,1
152981231,1
152981232,1
152981233,1
152981234,1
152981235,1
152981236,1
152981237,1
152981238,1
152981239,1
152981240,1
152981241,1
152981242,1
152981243,1
152981244,1
152981245,1
152981246,1
152981247,1
152981248,1
152981249,1
152981250,1
152981251,1
152981252,1
152981253,1
152981254,1
152981255,1
152981256,1
152981257,1
152981258,1
152981259,1
152981260,1
152981261,1
152981262,1
152981263,1
152981264,1
152981265,1
152981266,1
152981267,1
152981268,1
152981269,1
152981270,1
152981271,1
152981272,1
152981273,1
152981274,1
152981275,1
152981276,1
152981277,1
152981278,1
152981279,1
152981280,1
152981281,1
152981282,1
152981283,1
152981284,1
152981285,1
152981286,1
152981287,1
152981288,1
152981289,1
152981290,1
152981291,1
152981292,1
152981293,1
152981294,1
152981295,1
152981296,1
152981297,1
152981298,1
152981299,1
152981300,1
152981301,1
152981302,1
152981303,1
152981304,1
152981305,1
152981306,1
152981307,1
152981308,1
152981309,1
152981310,1
152981311,1
152981312,1
152981313,1
152981314,1
152981315,1
152981316,1
152981317,1
152981318,1
152981319,1
152981320,1
152981321,1
152981322,1
152981323,1
152981324,1
152981325,1
152981326,1
152981327,1
152981328,1
152981329,1
152981330,1
152981331,1
152981332,1
152981333,1
152981334,1
152981335,1
152981336,1
152981337,1
152981338,1
152981339,1
152981340,1
152981341,1
152981342,1
152981343,1
152981344,1
152981345,1
152981346,1
152981347,1
152981348,1
152981349,1
152981350,1
152981351,1
152981352,1
152981353,1
152981354,1
152981355,1
152981356,1
152981357,1
152981358,1
152981359,1
152981360,1
152981361,1
152981362,1
152981363,1
152981364,1
152981365,1
152981366,1
152981367,1
152981368,1
152981369,1
152981370,1
152981371,1
152981372,1
152981373,1
152981374,1
152981375,1
152981376,1
152981377,1
152981378,1
152981379,1
152981380,1
152981381,1
152981382,1
152981383,1
152981384,1
152981385,1
152981386,1
152981387,1
152981388,1
152981389,1
152981390,1
152981391,1
152981392,1
152981393,1
152981394,1
152981395,1
152981396,1
152981397,1
152981398,1
152981399,1
152981400,1
152981401,1
152981402,1
152981403,1
152981404,1
152981405,1
152981406,1
152981407,1
152981408,1
152981409,1
152981410,1
152981411,1
152981412,1
152981413,1
152981414,1
152981415,1
152981416,1
152981417,1
152981418,1
152981419,1
152981420,1
152981421,1
152981422,1
152981423,1
152981424,1
152981425,1
152981426,1
152981427,1
152981428,1
152981429,1
152981430,1
152981431,1
152981432,1
152981433,1
152981434,1
152981435,1
152981436,1
152981437,1
152981438,1
152981439,1
152981440,1
152981441,1
152981442,1
152981443,1
152981444,1
152981445,1
152981446,1
152981447,1
152981448,1
152981449,1
152981450,1
152981451,1
152981452,1
152981453,1
152981454,1
152981455,1
152981456,1
152981457,1
152981458,1
152981459,1
152981460,1
152981461,1
152981462,1
152981463,1
152981464,1
152981465,1
152981466,1
152981467,1
152981468,1
152981469,1
152981470,1
152981471,1
152981472,1
152981473,1
152981474,1
152981475,1
152981476,1
152981477,1
152981478,1
152981479,1
152981480,1
152981481,1
152981482,1
152981483,1
152981484,1
152981485,1
152981486,1
152981487,1
152981488,1
152981489,1
152981490,1
152981491,1
152981492,1
152981493,1
152981494,1
152981495,1
152981496,1
152981497,1
152981498,1
152981499,1
152981500,1
152981501,1
152981502,1
152981503,1
152981504,1
152981505,1
152981506,1
152981507,1
152981508,1
152981509,1
152981510,1
152981511,1
152981512,1
152981513,1
152981514,1
152981515,1
152981516,1
152981517,1
152981518,1
152981519,1
152981520,1
152981521,1
152981522,1
152981523,1
152981524,1
152981525,1
152981526,1
152981527,1
152981528,1
152981529,1
152981530,1
152981531,1
152981535,1
152981536,1
152981539,1
152981540,1
152981541,1
152981542,1
152981543,1
152981544,1
152981545,1
152981546,1
152981547,1
152981548,1
152981549,1
152981550,1
152981551,1
152981552,1
152981553,1
152981554,1
152981555,1
152981556,1
152981557,1
152981558,1
152981559,1
152981560,1
152981561,1
152981562,1
152981563,1
152981564,1
152981565,1
152981566,1
152981567,1
152981568,1
152981569,1
152981570,1
152981571,1
152981572,1
152981573,1
152981574,1
152981575,1
152981576,1
152981577,1
152981578,1
152981579,1
152981580,1
152981581,1
152981582,1
152981583,1
152981584,1
152981585,1
152981586,1
152981587,1
152981588,1
152981589,1
152981590,1
152981591,1
152981592,1
152981593,1
152981594,1
152981595,1
152981596,1
152981597,1
152981598,1
152981599,1
152981600,1
152981601,1
152981602,1
152981603,1
152981604,1
152981605,1
152981606,1
152981607,1
152981608,1
152981609,1
152981610,1
152981611,1
152981612,1
152981613,1
152981614,1
152981615,1
152981616,1
152981617,1
152981618,1
152981619,1
152981620,1
152981621,1
152981622,1
152981623,1
152981624,1
152981625,1
152981626,1
152981627,1
152981628,1
152981629,1
152981630,1
152981631,1
152981632,1
152981633,1
152981634,1
152981635,1
152981636,1
152981637,1
152981638,1
152981639,1
152981640,1
152981641,1
152981642,1
152981643,1
152981644,1
152981645,1
152981646,1
152981647,1
152981648,1
152981649,1
152981650,1
152981651,1
152981652,1
152981653,1
152981654,1
152981655,1
152981656,1
152981660,1
152981661,1
152981664,1
152981665,1
152981666,1
152981667,1
152981668,1
152981669,1
152981670,1
152981671,1
152981672,1
152981673,1
152981674,1
152981675,1
152981676,1
152981677,1
152981678,1
152981679,1
152981680,1
152981681,1
152981682,1
152981683,1
152981684,1
152981685,1
152981686,1
152981687,1
152981688,1
152981689,1
152981690,1
152981691,1
152981692,1
152981693,1
152981694,1
152981695,1
152981696,1
152981697,1
152981698,1
152981699,1
152981700,1
152981701,1
152981702,1
152981703,1
152981704,1
152981705,1
152981706,1
152981707,1
152981708,1
152981709,1
152981710,1
152981711,1
152981712,1
152981713,1
152981714,1
152981715,1
152981716,1
152981717,1
152981718,1
152981719,1
152981720,1
152981721,1
152981722,1
152981723,1
152981724,1
152981725,1
152981726,1
152981727,1
152981728,1
152981729,1
152981730,1
152981731,1
152981732,1
152981733,1
152981734,1
152981735,1
152981736,1
152981737,1
152981738,1
152981739,1
152981740,1
152981741,1
152981742,1
152981743,1
152981744,1
152981745,1
152981746,1
152981747,1
152981748,1
152981749,1
152981750,1
152981751,1
152981752,1
152981753,1
152981754,1
152981755,1
152981756,1
152981757,1
152981758,1
152981759,1
152981760,1
152981761,1
152981762,1
152981763,1
152981764,1
152981765,1
152981766,1
152981767,1
152981768,1
152981769,1
152981770,1
152981771,1
152981772,1
152981773,1
152981774,1
152981775,1
152981776,1
152981777,1
152981778,1
152981779,1
152981780,1
152981781,1
152981782,1
152981783,1
152981784,1
152981785,1
152981786,1
152981787,1
152981788,1
152981789,1
152981790,1
152981791,1
152981792,1
152981793,1
152981794,1
152981795,1
152981796,1
152981797,1
152981798,1
152981799,1
152981800,1
152981801,1
152981802,1
152981803,1
152981804,1
152981805,1
152981806,1
152981807,1
152981808,1
152981809,1
152981810,1
152981811,1
152981812,1
152981813,1
152981814,1
152981815,1
152981816,1
152981817,1
152981818,1
152981819,1
152981820,1
152981821,1
152981822,1
152981869,1
152981870,1
152981871,1
152981872,1
152981873,1
152981874,1
152981875,1
152981876,1
152981877,1
152981878,1
152981879,1
152981880,1
152981881,1
152981882,1
152981883,1
152981884,1
152981885,1
152981886,1
152981887,1
152981888,1
152981889,1
152981890,1
152981891,1
152981892,1
152981893,1
152981894,1
152981895,1
152981896,1
152981897,1
152981898,1
152981899,1
152981900,1
152981901,1
152981902,1
152981903,1
152981904,1
152981905,1
152981906,1
152981907,1
152981908,1
152981909,1
152981910,1
152981911,1
152981912,1
152981917,1
152981922,1
152981925,1
152981928,1
152981932,1
152981934,1
152981939,1
152981940,1
152981944,1
152981948,1
152981952,7
152981954,7
152981955,1
152981957,1
152981961,1
152981963,1
152981966,5
152981970,5
152981972,1
152981975,1
152981977,1
152981980,1
152981983,1
152981986,1
152981987,1
152981988,1
152981989,8
152981990,1
152981991,3
152981992,2
152981993,1
152981994,1
152981995,1
152981996,1
152981997,1
152981998,1
152981999,1
152982000,1
152982001,1
152982002,1
152982003,1
152982004,1
152982005,1
152982006,1
152982007,1
152982008,1
152982009,1
152982010,1
152982011,1
152982012,1
152982013,1
152982014,1
152982015,1
152982016,1
152982017,1
152982018,1
152982019,1
152982020,1
152982021,1
152982022,1
152982023,1
152982024,1
152982025,1
152982026,1
152982027,1
152982028,1
152982029,1
152982030,1
152982031,1
152982032,1
152982033,1
152982034,1
152982035,1
152982036,1
152982037,1
152982038,1
152982039,1
152982040,1
152982041,1
152982042,1
152982043,1
152982044,1
152982045,1
152982046,1
152982047,7
152982048,7
152982049,1
152982050,1
152982051,1
152982052,1
152982053,5
152982054,5
152982055,1
152982056,1
152982057,1
152982058,1
152982059,1
152982060,1
152982061,1
152982062,1
152982063,8
152982064,1
152982065,3
152982066,2
152982092,1
152982093,1
152982094,1
152982095,1
152982096,1
152982097,1
152982098,1
152982099,1
152982100,1
152982101,1
152982102,1
152982103,1
152982104,1
152982105,1
152982106,1
152982107,1
152982108,1
152982109,1
152982110,1
152982111,1
152982112,1
152982113,1
152982114,1
152982115,1
152982116,1
152982117,1
152982118,1
152982119,1
152982120,1
152982121,1
152982122,1
152982123,1
152982124,1
152982125,1
152982126,1
152982127,1
152982128,1
152982129,1
152982130,1
152982131,1
152982132,1
152982133,1
152982134,1
152982135,1
152982136,1
152982137,1
152982138,1
152982139,1
152982140,1
152982141,1
152982142,1
152982143,1
152982144,1
152982145,1
152982146,1
152982147,1
152982148,1
152982149,1
152982150,1
152982151,1
152982152,1
152982153,1
152982154,1
152982155,1
152982156,1
152982157,1
152982158,1
152982159,1
152982160,1
152982161,1
152982162,1
152982163,1
152982164,1
152982165,1
152982166,1
152982167,1
152982168,1
152982169,1
152982170,1
152982171,1
152982172,1
152982173,1
152982174,1
152982175,1
152982176,1
152982177,1
152982178,1
152982179,1
152982180,1
152982181,1
152982182,1
152982183,1
152982184,1
152982185,1
152982186,1
152982187,1
152982188,1
152982189,1
152982190,1
152982191,1
152982192,1
152982193,1
152982194,1
152982195,1
152982196,1
152982197,1
152982198,1
152982199,1
152982200,1
152982201,1
152982202,1
152982203,1
152982204,1
152982205,1
152982206,1
152982207,1
152982208,1
152982209,1
152982210,1
152982211,1
152982212,1
152982213,1
152982214,1
152982215,1
152982216,1
152982217,1
152982218,1
152982219,1
152982220,1
152982221,1
152982228,1
152982229,1
152982230,1
152982231,1
152982232,1
152982233,1
152982234,1
152982235,1
152982236,1
152982237,1
152982238,1
152982239,1
152982240,1
152982241,1
152982242,1
152982243,1
152982244,1
152982256,1
152982257,1
152982258,1
152982259,1
152982260,1
152982261,1
152982262,1
152982263,1
152982264,1
152982265,1
152982266,1
152982288,1
152982289,1
152982290,1
152982291,1
152982292,1
152983130,1
152983131,1
152983132,4
152983133,1
152983134,20
152983135,1
152983136,1
152983137,47
152983138,20
152983139,1
152983140,1
152983278,1
152983279,1
152983280,1
152983281,1
152983282,1
152983283,1
152983284,1
152983285,1
152983286,1
152983287,1
152983288,1
152983289,1
152983290,7
152983291,7
152983292,2
152983293,2
152983294,1
152983295,1
152983296,1
152983297,1
152983298,1
152983367,1
152983368,1
152983369,1
152983370,1
152983371,1
152983372,1
152983373,1
152983374,1
152983375,1
152983376,1
152983377,1
152983378,1
152983379,1
152983380,1
152983381,1
152983382,1
152983383,1
152983384,1
152983385,1
152983386,1
152983387,1
152983388,1
152983389,1
152983390,1
152983391,1
152983392,1
152983393,1
152983394,1
152983395,1
152983396,1
152983397,1
152983398,1
152983399,1
152983400,1
152983401,1
152983402,1
152983403,1
152983404,1
152983405,1
152983406,1
152983407,1
152983408,1
152983410,1
152983411,1
152983412,1
152983413,1
152983414,1
152983415,1
152983416,1
152983417,1
152983418,1
152983419,1
152983420,1
152983421,1
152983422,1
152983423,1
152983424,1
152983425,1
152983426,1
152983427,1
152983428,1
152983429,1
152983430,1
152983431,1
152983432,1
152983433,1
152983434,1
152983435,1
152983436,1
152983437,1
152983438,1
152983439,1
152983440,1
152983441,1
152983442,1
152983443,1
152983444,1
152983445,1
152983446,1
152983447,1
152983448,1
152983449,1
152983450,1
152983451,1
152983452,1
152983453,1
152983454,1
152983455,1
152983456,1
152983457,1
152983458,1
152983459,1
152983460,1
152983461,1
152983462,1
152983463,1
152983464,1
152983465,1
152983466,1
152983468,1
152983469,1
152983470,1
152983471,1
152983472,1
152983473,1
152983474,1
152983475,1
152983476,1
152983477,1
152983478,1
152983479,1
152983480,1
152983481,1
152983482,1
152983483,1
152983484,1
152983485,1
152983486,1
152983487,1
152983488,1
152983489,1
152983490,1
152983491,1
152983492,1
152983750,1
152983751,1
152983752,1
152983753,1
152983754,1
152983755,1
152983756,1
152983757,1
152983758,1
152983759,1
152983760,1
152983761,1
152983762,1
152983763,1
152983764,1
152983765,1
152983766,1
152983767,1
152983768,1
152983769,1
152983770,1
152983771,1
152984527,1
152984530,1
152984531,1
152984532,1
152986461,1
152986462,1
152986463,1
152986464,1
152986465,1
152986466,1
152986467,1
152986468,1
152986469,1
152986470,1
152986471,1
152986472,1
152986473,1
152986474,1
152986475,1
152986476,1
152986477,1
152986495,1
152986496,1
152986497,1
152986498,1
152986499,1
152986500,1
152986501,1
152986502,1
152986503,1
152986504,1
152986505,1
152986506,1
152986507,1
152986508,1
152986509,1
152986510,1
152986511,1
152986534,1
152986535,1
152986536,1
152986537,1
152986538,1
152986539,1
152986540,1
152986541,1
152986542,1
152986543,1
152986544,1
152986545,1
152986546,1
152986547,1
152986548,1
152986549,1
152986550,1
152986612,1
152986613,1
152986614,1
152986615,1
152986616,1
152986617,1
152986618,1
152986619,1
152986620,1
152986621,1
152986622,1
152986623,1
152986624,1
152986625,1
152986626,1
152986655,1
152986656,1
152986657,1
152986658,1
152986659,1
152986660,1
152986661,1
152986662,1
152986663,1
152986664,1
152986665,1
152986666,1
152986667,1
152986668,1
152986669,1
152986785,1
152986811,6
152986819,1
152986820,1
152986821,1
152986822,1
152986823,1
152986824,1
152986825,1
152986826,1
152986827,1
152986828,1
152986829,1
152986830,1
152986831,1
152986832,1
152986833,1
152986834,1
152986835,1
152986836,1
152986837,1
152986838,1
152986839,1
152987837,1
152987838,1
152987840,1
152987841,1
152987842,1
152987843,1
152987844,1
152987845,1
152987846,1
152987847,1
152987848,1
152987849,1
152987850,1
152987851,1
152987852,1
152987853,1
152987854,1
152987855,1
152987856,1
152987857,1
152988450,1
152988451,1
152988452,1
152988453,1
152988454,1
152988455,1
152988458,1
152988459,1
152988460,1
152988461,1
152988462,1
152988463,1
152988473,1
152988474,1
152988475,1
152988476,1
152988477,1
152988478,1
152988509,1
152988510,1
152988512,1
152988514,1
152988515,1
152988516,1
152988518,1
152988519,1
152988520,1
152988521,1
152988522,1
152988523,1
152988524,1
152988525,1
152988526,1
152988911,1
152989691,1
152989721,1
152989744,1
152989754,1
152990010,1
152991320,3
152992295,1
152992344,1
152992351,3
152992352,150
152992353,1
152992354,20
152992355,20
152992356,1
152992357,58
152992358,150
152992359,3
152992360,132
152992361,150
152992362,1
152992406,1
152992420,20
152992452,1
152993013,1
152993015,1
152993420,1
152993451,1
152993951,1
152993952,1
152993957,1
152993958,1
152993959,1
152993964,1
152993998,1
152993999,1
152994000,1
152994368,1
152994606,1
152995652,1
152996127,1
152996356,1
152996603,1
152996633,1
152996638,1
152996654,1
152996675,1
152996680,1
152997102,1
152997308,1
152997498,1
152998016,1
152998101,1
152998398,1
152998582,1
152998583,1
152998615,1
152998616,150
152998617,9
152998621,1
152998677,150
152998678,3
152998794,1
152998804,1
152998853,1
152998856,1
152998888,1
152998897,1
152999066,1
152999067,1
152999137,1
152999231,1
152999359,1
152999531,1
152999876,1
152999877,1
152999878,1
152999879,1
152999880,1
152999881,1
152999882,1
152999883,1
152999884,1
152999885,1
152999886,1
152999887,1
152999888,1
152999889,1
152999890,1
152999891,1
152999892,1
152999938,1
152999939,1
152999940,1
152999941,1
152999942,1
152999943,1
152999944,1
152999945,1
152999946,1
152999947,1
152999948,1
152999949,1
152999950,1
152999951,1
152999952,1
152999953,1
152999954,1
152999955,1
152999956,1
152999957,1
152999958,1
152999959,1
152999960,1
152999961,1
152999962,1
152999963,1
152999978,1
152999979,1
152999980,1
152999981,1
152999982,1
152999983,1
152999984,1
152999985,1
152999986,1
152999987,1
152999988,1
152999989,1
152999990,1
152999991,1
152999992,1
152999993,1
152999994,1
152999996,1
152999997,1
152999998,1
152999999,1
153000000,1
153000001,1
153000002,1
153000003,1
153000004,1
153000005,1
153000006,1
153000007,1
153000008,1
153000009,1
153000010,1
153000015,1
153000016,1
153000017,1
153000018,1
153000019,1
153000020,1
153000021,1
153000022,1
153000023,1
153000024,1
153000025,1
153000026,1
153000027,1
153000028,1
153000029,1
153000030,1
153000031,1
153000032,1
153000042,1
153000043,1
153000044,1
153000045,1
153000046,1
153000047,1
153000048,1
153000049,1
153000050,1
153000051,1
153000052,1
153000053,1
153000054,1
153000055,1
153000056,1
153000060,1
153000061,1
153000062,1
153000063,1
153000064,1
153000065,1
153000066,1
153000067,1
153000068,1
153000069,1
153000070,1
153000071,1
153000072,1
153000073,1
153000074,1
153000075,1
153000076,1
153000077,1
153000078,1
153000079,1
153000080,1
153000081,1
153000082,1
153000083,1
153000084,1
153000085,1
153000086,1
153000087,1
153000088,1
153000089,1
153000090,1
153000091,1
153000092,1
153000093,1
153000099,1
153000100,1
153000101,1
153000102,1
153000103,1
153000104,1
153000105,1
153000106,1
153000107,1
153000108,1
153000109,1
153000110,1
153000111,1
153000112,1
153000113,1
153000114,1
153000115,1
153000175,1
153000176,1
153000177,1
153000178,1
153000179,1
153000180,1
153000181,1
153000182,1
153000183,1
153000184,1
153000185,1
153000186,1
153000187,1
153000188,1
153000189,1
153000202,1
153000203,1
153000204,1
153000205,1
153000206,1
153000207,1
153000208,1
153000209,1
153000221,1
153000222,1
153000233,1
153000234,1
153000235,1
153000236,1
153000237,1
153000238,1
153000239,1
153000240,1
153000241,1
153000242,1
153000243,1
153000244,1
153000245,1
153000246,1
153000247,1
153000248,1
153000249,1
153000250,1
153000251,1
153000252,1
153000253,1
153000254,1
153000255,1
153000256,1
153000257,1
153000258,1
153000259,1
153000260,1
153000261,1
153000262,1
153000263,1
153000264,1
153000265,1
153000266,1
153000267,1
153000268,1
153000269,1
153000270,1
153000271,1
153000272,1
153000273,1
153000274,1
153000275,1
153000276,1
153000296,1
153000297,1
153000298,1
153000299,1
153000300,1
153000301,1
153000302,1
153000303,1
153000304,1
153000305,1
153000306,1
153000307,1
153000308,1
153000309,1
153000310,1
153000311,1
153000312,1
153000313,1
153000314,1
153000315,1
153000316,1
153000317,1
153000318,1
153000319,1
153000320,1
153000321,1
153000322,1
153000345,1
153000346,1
153000347,1
153000348,1
153000349,1
153000350,1
153000351,1
153000352,1
153000353,1
153000354,1
153000355,1
153000356,1
153000357,1
153000358,1
153000359,1
153000360,1
153000361,1
153000362,1
153000363,1
153000364,1
153000365,1
153000366,1
153000367,1
153000368,1
153000369,1
153000370,1
153000371,1
153000417,1
153000418,1
153000419,1
153000421,1
153000422,1
153000423,1
153000424,1
153000425,1
153000426,1
153000427,1
153000428,1
153000429,1
153000430,1
153000431,1
153000432,1
153000433,1
153000434,1
153000435,1
153000436,1
153000437,1
153000438,1
153000439,1
153000440,1
153000441,1
153000442,1
153000443,1
153000444,1
153000445,1
153000446,1
153000447,1
153000466,1
153000467,1
153000468,1
153000469,1
153000470,1
153000471,1
153000472,1
153000473,1
153000474,1
153000475,1
153000476,1
153000477,1
153000478,1
153000479,1
153000480,1
153000481,1
153000482,1
153000483,1
153000484,1
153000485,1
153000486,1
153000487,1
153000488,1
153000489,1
153000490,1
153000491,1
153000492,1
153000498,1
153000502,1
153000503,1
153000504,1
153000505,1
153000506,1
153000507,1
153000508,1
153000509,1
153000510,1
153000511,1
153000512,1
153000513,1
153000514,1
153000515,1
153000516,1
153000517,1
153000518,1
153000519,1
153000520,1
153000521,1
153000522,1
153000523,1
153000524,1
153000525,1
153000526,1
153000527,1
153000528,1
153000529,1
153000532,1
153000548,1
153000549,1
153000550,1
153000551,1
153000552,1
153000553,1
153000554,1
153000555,1
153000556,1
153000557,1
153000558,1
153000559,1
153000560,1
153000561,1
153000562,1
153000563,1
153000564,1
153000565,1
153000566,1
153000567,1
153000568,1
153000569,1
153000570,1
153000571,1
153000572,1
153000573,1
153000574,1
153000579,1
153000583,1
153000584,1
153000585,1
153000586,1
153000587,1
153000588,1
153000589,1
153000590,1
153000591,1
153000592,1
153000593,1
153000594,1
153000595,1
153000596,1
153000597,1
153000598,1
153000599,1
153000600,1
153000601,1
153000602,1
153000603,1
153000604,1
153000605,1
153000606,1
153000607,1
153000608,1
153000609,1
153000629,1
153000630,1
153000631,1
153000632,1
153000633,1
153000634,1
153000635,1
153000636,1
153000637,1
153000638,1
153000639,1
153000640,1
153000641,1
153000642,1
153000643,1
153000644,1
153000645,1
153000646,1
153000647,1
153000648,1
153000649,1
153000650,1
153000651,1
153000652,1
153000653,1
153000654,1
153000655,1
153000665,1
153000666,1
153000667,1
153000668,1
153000669,1
153000670,1
153000671,1
153000672,1
153000673,1
153000674,1
153000675,1
153000676,1
153000677,1
153000678,1
153000679,1
153000680,1
153000681,1
153000682,1
153000683,1
153000684,1
153000685,1
153000686,1
153000687,1
153000688,1
153000690,1
153000691,1
153000705,1
153000706,1
153000707,1
153000708,1
153000709,1
153000710,1
153000711,1
153000712,1
153000713,1
153000714,1
153000715,1
153000716,1
153000717,1
153000718,1
153000719,1
153000720,1
153000721,1
153000722,1
153000723,1
153000724,1
153000725,1
153000726,1
153000727,1
153000728,1
153000729,1
153000730,1
153000731,1
153000748,1
153000749,1
153000750,1
153000751,1
153000752,1
153000753,1
153000756,1
153000757,1
153000758,1
153000759,1
153000760,1
153000761,1
153000762,1
153000763,1
153000764,1
153000784,1
153000785,1
153000786,1
153000787,1
153000788,1
153000856,1
153000857,1
153000858,1
153000869,1
153000871,1
153000872,1
153000873,1
153000874,1
153000875,1
153000885,1
153000886,1
153000887,1
153000888,1
153000889,1
153000890,1
153000891,1
153000892,1
153000893,1
153001826,1
153001832,1
153001928,1
153001929,1
153001930,1
153001931,1
153001939,1
153001949,1
153002157,1
153002205,1
153002214,1
153002215,1
153002216,1
153002292,1
153002351,1
153002389,1
153002392,1
153002548,1
153002697,1
153002713,1
153002743,1
153002749,1
153002913,1
153003041,1
153003042,1
153003052,1
153003053,1
153003054,1
153003055,1
153003056,1
153003057,1
153003058,1
153003062,1
153003063,1
153003169,1
153003175,1
153003187,1
153003273,1
153003329,1
153003347,1
153003377,1
153003403,1
153003412,1
153003512,1
153003555,1
153003556,1
153003557,1
153003558,1
153003559,1
153003560,1
153003561,1
153003562,1
153003563,1
153003564,1
153003565,1
153003566,1
153003567,1
153003568,1
153003569,1
153003570,1
153003613,1
153003649,1
153003650,1
153003651,1
153003652,1
153003653,1
153003654,1
153003691,1
153003692,1
153003856,1
153003928,1
153004036,1
153004037,1
153004038,1
153004039,1
153004040,1
153004041,1
153004042,1
153004043,1
153004044,1
153004045,1
153004047,1
153004048,1
153004049,1
153004118,1
153004119,1
153004134,1
153004168,1
153004169,1
153004176,1
153004234,1
153004235,1
153004236,1
153004237,1
153004238,1
153004239,1
153004244,1
153004245,1
153004246,1
153004247,1
153004248,1
153004249,1
153004250,1
153004251,1
153004252,1
153004253,1
153004254,1
153004255,1
153004256,1
153004258,1
153004259,1
153004260,1
153004261,1
153004262,1
153004263,1
153004264,1
153004268,1
153004275,1
153004300,1
153004303,1
153004304,1
153004305,1
153004306,1
153004307,1
153004308,1
153004309,1
153004316,1
153004317,1
153004318,1
153004319,1
153004320,1
153004327,1
153004328,1
153004329,1
153004330,1
153004331,1
153004336,1
153004337,1
153004338,1
153004339,1
153004340,1
153004343,1
153004344,1
153004345,1
153004346,1
153004347,1
153004361,1
153004605,1
153004702,1
153004717,1
153004831,1
153004872,1
153004873,1
153004874,1
153004875,1
153004876,1
153004877,1
153004878,1
153004881,1
153004882,1
153004883,1
153004885,1
153004919,1
153004922,1
153004923,1
153004925,1
153004927,1
153004949,1
153004950,1
153005002,1
153005003,1
153005025,1
153005034,1
153005092,20
153005093,1
153005097,1
153005098,1
153005099,1
153005101,1
153005107,1
